Depth (mm),Age (Years Ago),d18O (per mil),SST (°C)
3,0.0836820083682008,-3.907697014359197,28.76488468899377
9,0.7531380753138075,-6.125743995641403,26.573405993132127
15,1.00418410041841,-4.356228752924097,29.25905631575396
21,1.6736401673640169,-6.442577630048653,26.760656566908857
27,2.00836820083682,-4.502430198165433,29.19730405175973
33,2.594142259414226,-6.76577109289559,26.86716632728601
39,3.096234309623431,-4.760313876413088,29.17200525518781
45,3.7656903765690375,-6.971984420839471,26.83820319048352
51,4.184100418410042,-5.058508228041632,29.187616471217293
57,4.769874476987448,-7.170921237585122,26.87198103659452
64,5.104602510460251,-5.332722013976141,29.315696127695865
69,5.690376569037657,-7.444511975460513,26.887686682073507
75,6.192468619246862,-5.417809749562478,29.372004347095743
81,6.694560669456067,-7.584288742848825,26.876743946464234
87,7.112970711297071,-5.707124889034032,29.15025610538244
93,7.698744769874477,-7.892766214659777,26.78025326178389
99,8.11715481171548,-6.003458713337516,29.045831115552545
